0 1
0.5 1.5 1.3 2
0 2 
0.5 2.1 1.3 2
0.5 3 0.5 0.8
1 1
0.5 1.5 1.3 2
1.5 0.5 1.3 2
1 2
1.5 3 0.5 2
1 4
0.4 4.5 0.5 0.9
1.3 3 0.5 0.9
2.4 4.5 0.5 0.9
1.3 5.8 0.5 0.9
1 5
1.3 5.8 0.5 0.9
1 6
0.4 6.7
1.6 5.5 0.5 0.9
2.7 6.7 0.5 0.9
1.5 8 0.5 0.9
2 0
3.2 0.5 0.5 0.8
2 1
2.1 0.5 1.3 2
3.2 1.5 0.5 2
2 2
3.2 2.1 0.5 2
2.1 3 0.5 2
2 4
2.3 4.4 0.5 0.9
2 6
2.7 6.7 0.5 0.9
3 4
3.4 3 0.5 0.9
2.3 4.4 0.5 0.9
5 4.3 0.5 0.9
3.4 5.4 0.5 0.9
3 5
3.6 5.4 0.5 0.9
3 6
2.6 6.5 0.5 0.9
3.6 5.4 0.5 0.9
3.6 7.8 0.5 0.9
5 6.4 0.5 0.9
3 8 
3.6 7.8 0.5 1.4
2.1 8.8 0.5 1.4
3 9
2.1 9.3 0.5 1.4
4 0
3.4 0.7 0.5 2
4 1
3.4 1.5 0.5 2
4.7 2.8 0.5 2
4 8
4.9 8.9 1.2 1.4
3.3 8.3 0.5 0.7
4.6 7.5 0.5 0.7
4 9
4.9 9.4 1.2 1.4
5 0
5.6 1.9 1.2 2
6 1.6 1.2 2
5 1
5.5 2.8 0.5 2
5 8
4.8 8.9 1.2 1.9
5.8 8 1.2 1.9
5.5 7.5 0.5 0.7
5 9 
4.8 9.5 1.2 1.9
6 0
6.5 1.9 1.2 2
6 1
6.5 2.8 0.5 0.7
6 8
6.2 8 1.2 2
6.3 7.5 0.5 0.7
7.3 8.6 0.5 0.7
6 9
7.4 9.5 0.5 1.9
7 0
7.2 1.9 1.2 2
8.2 0.6 1.2 2
7 1
7.5 2.8 0.5 0.7
8 0
9.8 0.7 0.5 0.7
8 1
9.8 1.4 0.5 0.7
8.5 2.8 0.5 0.7
9 2
9.7 2.1 0.5 2
8.5 2.9 0.5 2
9 3
8.5 3.5 0.5 2
9 4
8.5 4.1 0.5 2
9.7 5.1 0.5 2
9 6
9.6 5.4 0.5 2.5
8.3 6.6 0.5 2.5
9 7
8.3 7.3 0.5 2.5
10.6 7.4 0.5 2.5
9 8
8.3 8.9 0.5 2.5
10.6 8.9 0.5 2.5
9 9
8.3 9.5 0.5 2.5
10.6 8.9 0.5 2.5
10 2
10.5 1.9 0.5 2
10 4
10.5 5.1 0.5 2
11 2
11.5 1.9 0.5 2
13 2.9 0.5 2
11 3
13 3.5 0.5 2
11 4
11.5 5.1 0.5 2
13 4.1 0.5 2
11 6
11.7 5.4 0.5 2.5
13 6.7 0.5 2.5
11 7
13 7.3 0.5 2.5
10.6 7.4 0.5 2.5
11 8
10.6 8.9 0.5 2.5
13 8.9 0.5 2.5
11 9
10.6 8.9 0.5 2.5
13 9.5 0.5 2.5
14 1
14.5 0.8 0.5 1.6
13 1.8 0.5 1.6
15.7 1.8 0.5 1.6
14 2
14.8 1 0.5 1.6
13 2.5 0.5 1.6
14.8 4 0.5 1.6
16 2.5 0.5 1.6
14 3
13 3.2 0.5 1.6
14.5 4.2 0.5 1.6
15.7 3.2 0.5 1.6
15 2
16 2.5 0.5 1.6
16 0
16.8 0.5 0.5 1.2
15.9 1 0.5 1.2
16 1
15.9 1.5 0.5 1.2
16 2
17 2.5 0.5 1.2
16 3
15.9 3.5 0.5 1.2
16.8 5 0.5 1.2
17 0
17.5 0.5 0.5 1.2
17 1
17.5 0.5 0.5 1.2
17.8 2.5 0.5 1.2
17 2
17 2.5 0.5 1.2
17 3
17.5 5 0.5 1.2
17.8 2.5 0.5 1.2
17 9
17 9.5 0.5 1.9
18 0
18.5 0.5 0.5 1.2
19.6 0.9 0.5 1.2
18 1
17.8 2.5 0.5 1.2
18.5 0.5 0.5 1.2
19.6 1.5 0.5 1.2
18 2
18.7 2.5 0.5 1.2
18 3
17.8 2.5 0.5 1.2
18.5 5 0.5 1.2
19.6 3.5 0.5 1.2
18 7
18 7.5 0.5 1.9
18 8
18 8.4 0.5 1.9
18 9
17 9.5 0.5 1.9
18.3 8 0.5 1.9
19 6
19.5 6 0.5 1.9
19 7
19.5 6 0.5 1.9
18 7.5 0.5 1.9
19 8
18 8.4 0.5 1.9

